2 0 0 0 0 0 0 //Enemy 1 first appearance
5 0 0 0 0 0 0
8 0 0 0 0 0 0
13 0 0 0 0 0 0
0 3 0 0 0 0 0 //Enemy 2 first appearance
0 5 0 0 0 0 0
3 5 0 0 0 0 0
5 6 0 0 0 0 0
8 5 0 0 0 0 0
0 7 0 0 0 0 0
7 7 0 0 0 0 0
9 8 0 0 0 0 0
10 10 0 0 0 0 0
0 0 3 0 0 0 0 //Enemy 3 first appearance
0 3 4 0 0 0 0
0 0 5 0 0 0 0
10 4 4 0 0 0 0
0 5 5 0 0 0 0
0 4 7 0 0 0 0
0 0 8 0 0 0 0
0 3 8 0 0 0 0
0 5 9 0 0 0 0
0 0 10 0 0 0 0
0 0 0 3 0 0 0 //Enemy 4 first appearance
15 15 0 0 0 0 0
10 0 10 0 0 0 0
0 10 0 5 0 0 0
0 0 0 7 0 0 0 
10 5 5 3 0 0 0
15 7 6 3 0 0 0
0 0 0 0 4 0 0 //Enemy 5 first appearance
0 0 0 5 4 0 0
0 5 5 5 4 0 0
0 0 0 7 5 0 0
5 5 7 5 3 0 0
0 0 0 0 7 0 0
0 0 0 0 0 3 0 // Enemy 6 first appearance
0 0 0 0 2 3 0
0 0 0 0 4 4 0
10 10 5 5 5 0 0
0 0 0 0 0 5 0
0 0 0 0 5 5 0
0 0 0 0 0 7 0
0 0 0 0 0 0 1 // Enemy 7 first appearance
0 0 0 0 0 0 3
0 0 0 0 0 3 3
0 0 0 0 4 4 4
0 0 0 5 5 5 5
0 0 6 0 7 7 6
0 0 0 0 0 0 0 1 // BOSS